       0/9     3.64G   0.06226    0.0801         0    0.1424         3       768    0.3062    0.2375    0.1823   0.06256   0.05574   0.00906         0
       1/9     4.23G   0.04003  0.007547         0   0.04758         4       768    0.6863    0.7226    0.7163    0.4263   0.03877  0.007342         0
       2/9     4.23G   0.03083  0.006842         0   0.03768        11       768    0.7899    0.7436    0.7702    0.4859   0.03512  0.007007         0
       3/9     4.23G   0.02713  0.006338         0   0.03347         8       768    0.7824    0.8145    0.8461    0.5688   0.03011  0.006584         0
       4/9     4.23G   0.02419  0.005854         0   0.03004        12       768    0.8264    0.8227     0.891    0.6317   0.02647  0.006095         0
       5/9     4.23G    0.0214  0.005443         0   0.02684        17       768    0.8077    0.8651    0.9104    0.6571   0.02499  0.005798         0
       6/9     4.23G   0.01986  0.005126         0   0.02498         9       768    0.8341     0.831    0.9155    0.6675    0.0252  0.005566         0
       7/9     4.23G   0.01907  0.004982         0   0.02405         9       768    0.7648    0.8935    0.9082    0.6709   0.02389  0.005553         0
       8/9     4.23G   0.01846  0.004861         0   0.02332         8       768     0.803    0.8818    0.9242    0.6849   0.02347  0.005428         0
       9/9     4.23G   0.01765  0.004682         0   0.02233         3       768    0.7696    0.8985    0.9106    0.6787   0.02319   0.00541         0
