      0/29     5.46G    0.1284   0.09585         0    0.2242         9       736    0.4214     0.419    0.3375    0.1131    0.1375   0.02548         0
      1/29     5.71G    0.0848   0.01169         0   0.09649         4       736    0.6896    0.7005    0.7336    0.3475    0.1133   0.02179         0
      2/29     5.71G   0.07275   0.01029         0   0.08304         6       736    0.7646    0.7391    0.8005    0.4151    0.1075    0.0219         0
      3/29     5.71G   0.06637  0.009387         0   0.07576         7       736    0.8607    0.7453    0.8685     0.485    0.0969    0.0219         0
      4/29     5.71G   0.06054  0.008595         0   0.06913         0       736     0.862    0.7996    0.8944    0.5341   0.08927   0.02246         0
      5/29     5.71G   0.05732  0.008255         0   0.06558        13       736    0.8362    0.8043    0.8908    0.5564   0.08361   0.02325         0
      6/29     5.71G    0.0547  0.007913         0   0.06261        10       736    0.8348     0.816    0.8968    0.5959   0.08061   0.02371         0
      7/29     5.71G   0.05268  0.007753         0   0.06043         5       736    0.8424    0.8566    0.9188    0.6076   0.07445   0.02536         0
      8/29     5.71G    0.0511  0.007462         0   0.05856         5       736     0.832    0.8556    0.9153    0.6099   0.07643   0.02464         0
      9/29     5.71G   0.04954  0.007318         0   0.05685         6       736    0.8477    0.8402    0.9198    0.6217   0.07407   0.02477         0
     10/29     5.71G   0.04838  0.007139         0   0.05552        21       736    0.8799    0.8161    0.9254    0.6321   0.07114   0.02596         0
     11/29     5.71G   0.04735  0.006981         0   0.05433         9       736    0.8507    0.8684    0.9298    0.6404   0.07084   0.02687         0
     12/29     5.71G   0.04645  0.006918         0   0.05337         9       736      0.88    0.8265    0.9279    0.6519   0.06772   0.02664         0
     13/29     5.71G   0.04563   0.00683         0   0.05246        17       736    0.8195    0.8889    0.9302    0.6499   0.06724   0.02717         0
     14/29     5.71G   0.04491  0.006738         0   0.05164        11       736    0.8756    0.8551    0.9315    0.6546   0.06579   0.02869         0
     15/29     5.71G   0.04378  0.006535         0   0.05032        19       736    0.8521    0.8601    0.9301    0.6609   0.06561   0.02891         0
     16/29     5.71G    0.0432  0.006491         0   0.04969        13       736    0.8656    0.8698    0.9331    0.6627   0.06365   0.02944         0
     17/29     5.71G   0.04246  0.006315         0   0.04877         3       736    0.8374    0.8943    0.9346      0.66   0.06276   0.02968         0
     18/29     5.71G   0.04169  0.006282         0   0.04797         1       736    0.8426    0.8873    0.9341    0.6599   0.06285   0.03023         0
     19/29     5.71G   0.04098  0.006178         0   0.04715        15       736    0.8621     0.876    0.9354    0.6592   0.06243   0.03072         0
     20/29     5.71G   0.04052  0.006169         0   0.04669         1       736    0.8549    0.8868    0.9373     0.662   0.06192   0.03042         0
     21/29     5.71G   0.03996  0.006096         0   0.04605        19       736    0.8456    0.9018    0.9408    0.6644   0.06056   0.03095         0
     22/29     5.71G   0.03934  0.006034         0   0.04538        15       736    0.8472    0.8896     0.938    0.6672   0.05957   0.03162         0
     23/29     5.71G   0.03869   0.00586         0   0.04455        10       736    0.8676    0.8681    0.9404    0.6655   0.05981    0.0319         0
     24/29     5.71G   0.03831  0.005834         0   0.04414        16       736    0.8733    0.8733    0.9424    0.6722   0.05897    0.0322         0
     25/29     5.71G   0.03777   0.00578         0   0.04355        11       736    0.8858    0.8601    0.9422    0.6738   0.05885   0.03249         0
     26/29     5.71G   0.03737  0.005737         0   0.04311        16       736    0.8691    0.8723    0.9426    0.6749   0.05848   0.03311         0
     27/29     5.71G   0.03718  0.005699         0   0.04288         8       736    0.8741    0.8757     0.944    0.6722    0.0584   0.03325         0
     28/29     5.71G   0.03693  0.005637         0   0.04257        10       736    0.8825    0.8764    0.9462    0.6735   0.05828   0.03333         0
     29/29     5.71G   0.03629  0.005562         0   0.04186         4       736    0.8838    0.8739    0.9463    0.6743   0.05795   0.03346         0
