      0/19     8.06G   0.06851   0.09314         0    0.1616         1       768    0.4144    0.2477    0.2406   0.07418   0.07871   0.01724         0
      1/19     8.04G   0.04553   0.00687         0   0.05241         6       768    0.6764    0.6752    0.6826     0.401     0.059   0.01694         0
      2/19     8.04G   0.03556  0.006064         0   0.04163         3       768    0.8122    0.7165    0.8235    0.5363   0.05335   0.01637         0
      3/19     8.04G    0.0306  0.005592         0   0.03619        20       768    0.7684    0.8406     0.877    0.6083   0.04708   0.01672         0
      4/19     8.04G   0.02743  0.005181         0   0.03261         7       768    0.8298    0.8055    0.8927    0.6399   0.04417    0.0174         0
      5/19     8.04G   0.02552  0.004904         0   0.03042         3       768    0.8042     0.852    0.9054    0.6578   0.04386   0.01804         0
      6/19     8.04G   0.02416  0.004732         0   0.02889        11       768    0.8313    0.8667    0.9172    0.6773   0.04086    0.0186         0
      7/19     8.04G   0.02298  0.004579         0   0.02756         2       768     0.861    0.8208    0.9207     0.686   0.03974    0.0192         0
      8/19     8.04G   0.02224  0.004445         0   0.02669         0       768    0.8565    0.8454    0.9216    0.6899   0.03893   0.01987         0
      9/19     8.04G   0.02148   0.00433         0   0.02581        11       768    0.8331    0.8733    0.9289       0.7   0.03802   0.02061         0
     10/19     8.04G   0.02087  0.004269         0   0.02514        12       768    0.7974    0.8819    0.9225    0.6944   0.03742   0.02096         0
     11/19     8.04G   0.02029  0.004142         0   0.02443         9       768     0.822    0.8696    0.9269    0.6964   0.03696   0.02116         0
     12/19     8.04G   0.01971  0.004054         0   0.02377        14       768    0.8108    0.8858    0.9209    0.7033   0.03635    0.0218         0
     13/19     8.04G    0.0192   0.00397         0   0.02317         5       768    0.8431     0.846    0.9176    0.6985     0.036   0.02235         0
     14/19     8.04G   0.01874  0.003899         0   0.02264         9       768    0.8464    0.8681    0.9229     0.702    0.0355    0.0229         0
     15/19     8.04G   0.01829  0.003839         0   0.02213         9       768    0.8344    0.8673    0.9199    0.6998   0.03488   0.02333         0
     16/19     8.04G   0.01791  0.003799         0   0.02171         8       768    0.8218    0.8669    0.9183    0.7007   0.03489   0.02377         0
     17/19     8.04G   0.01759  0.003741         0   0.02133         6       768    0.8186    0.8755    0.9209    0.7038   0.03459   0.02409         0
     18/19     8.04G   0.01737  0.003691         0   0.02106         2       768    0.8404    0.8512    0.9162    0.6999   0.03446   0.02447         0
     19/19     8.04G   0.01709  0.003649         0   0.02074         4       768     0.808    0.8695    0.9074    0.6932   0.03438   0.02459         0
