      0/29     5.45G    0.1278   0.09277         0    0.2206         5       736    0.6002    0.3753    0.4071    0.1772    0.1175   0.01697         0
      1/29     5.87G   0.08031  0.008576         0   0.08888        10       736    0.7485    0.6509    0.7044    0.4324   0.08335   0.01548         0
      2/29     5.87G   0.06729  0.007441         0   0.07473        14       736    0.7817    0.6727    0.7483    0.4909   0.07288   0.01541         0
      3/29     5.87G   0.05954  0.006807         0   0.06635         4       736    0.8185    0.7458     0.858    0.5844   0.05992   0.01345         0
      4/29     5.87G    0.0522  0.006291         0   0.05849        17       736     0.805    0.7559    0.8576    0.6027   0.05592   0.01399         0
      5/29     5.87G   0.04907  0.005986         0   0.05506         7       736    0.8344    0.8243    0.8948    0.6354   0.05195   0.01332         0
      6/29     5.87G   0.04666  0.005771         0   0.05243        10       736    0.8277    0.8335    0.8993    0.6497   0.05177   0.01343         0
      7/29     5.87G   0.04509  0.005742         0   0.05083         6       736      0.82    0.8364    0.8962    0.6487   0.04719   0.01371         0
      8/29     5.87G    0.0433  0.005638         0   0.04894         3       736    0.8422    0.8009    0.9009    0.6601   0.04384   0.01333         0
      9/29     5.87G   0.04182   0.00544         0   0.04726        11       736    0.8462    0.8268    0.9095    0.6685   0.04266   0.01299         0
     10/29     5.87G   0.04115  0.005375         0   0.04652         3       736    0.8432    0.8572    0.9188    0.6839   0.04012   0.01207         0
     11/29     5.87G   0.03975  0.005219         0   0.04496        11       736    0.8431    0.8781    0.9261    0.6936   0.03859   0.01215         0
     12/29     5.87G   0.03859  0.005066         0   0.04366         2       736    0.8369    0.8733    0.9212    0.6919   0.03741   0.01253         0
     13/29     5.87G    0.0379  0.004958         0   0.04285         4       736    0.8709    0.8395    0.9284    0.6951   0.03636   0.01263         0
     14/29     5.87G   0.03713  0.004855         0   0.04198        15       736    0.8436    0.8668    0.9251     0.696    0.0361   0.01248         0
     15/29     5.87G    0.0366  0.004798         0    0.0414         5       736    0.8414    0.8781    0.9298    0.6968   0.03554   0.01258         0
     16/29     5.87G   0.03576  0.004735         0   0.04049         7       736     0.864    0.8637    0.9356    0.7019   0.03476   0.01241         0
     17/29     5.87G    0.0353  0.004641         0   0.03994        14       736    0.8492    0.8646    0.9347    0.7069    0.0335   0.01259         0
     18/29     5.87G   0.03431  0.004567         0   0.03888        23       736    0.8415    0.8631    0.9337    0.7054   0.03381   0.01277         0
     19/29     5.87G   0.03373  0.004492         0   0.03822         3       736    0.8493    0.8594    0.9336    0.7052   0.03345   0.01287         0
     20/29     5.87G   0.03307  0.004456         0   0.03752         4       736     0.866    0.8524    0.9343    0.7066   0.03319   0.01288         0
     21/29     5.87G   0.03239  0.004364         0   0.03676        19       736      0.87    0.8479     0.935    0.7102    0.0325     0.013         0
     22/29     5.87G     0.032  0.004313         0   0.03632         2       736    0.8648    0.8594    0.9365    0.7128   0.03218   0.01305         0
     23/29     5.87G   0.03134  0.004272         0   0.03561         4       736    0.8441     0.873    0.9345    0.7094   0.03221   0.01306         0
     24/29     5.87G   0.03093  0.004226         0   0.03515         6       736    0.8361    0.8742    0.9331     0.707   0.03213   0.01322         0
     25/29     5.87G   0.03069   0.00422         0   0.03491         4       736    0.8373    0.8737    0.9334    0.7092   0.03206   0.01327         0
     26/29     5.87G   0.03025  0.004114         0   0.03437         6       736    0.8437    0.8738     0.935    0.7127    0.0318   0.01323         0
     27/29     5.87G   0.02991  0.004102         0   0.03401         3       736    0.8501    0.8711    0.9348    0.7115   0.03171    0.0133         0
     28/29     5.87G    0.0297  0.004067         0   0.03377        11       736    0.8442    0.8747    0.9354    0.7104   0.03163   0.01334         0
     29/29     5.87G    0.0293  0.004016         0   0.03332         7       736    0.8515    0.8653    0.9354    0.7091   0.03163    0.0134         0
