      0/19     8.06G   0.06806   0.09292         0     0.161         1       768    0.2659    0.2324    0.1451   0.05036   0.08417   0.01937         0
      1/19     8.04G   0.04562  0.007028         0   0.05265         6       768    0.7097    0.6201    0.6909    0.4072   0.06543   0.01885         0
      2/19     8.04G    0.0361  0.006195         0    0.0423         3       768    0.7364    0.7226    0.7833    0.5101   0.06052    0.0189         0
      3/19     8.04G   0.03082    0.0057         0   0.03652        20       768    0.8585    0.7635    0.8834    0.6127   0.05359   0.02017         0
      4/19     8.04G   0.02756  0.005279         0   0.03284         7       768    0.8042    0.8124    0.8976    0.6462   0.05152   0.02047         0
      5/19     8.04G   0.02597  0.005054         0   0.03102         3       768    0.8025    0.8572     0.906    0.6665   0.04967   0.02106         0
      6/19     8.04G   0.02435  0.004805         0   0.02916        11       768    0.8242    0.8376    0.9066    0.6696   0.04857   0.02219         0
      7/19     8.04G   0.02357  0.004716         0   0.02829         2       768    0.8247    0.8536    0.9154    0.6798   0.04771   0.02294         0
      8/19     8.04G   0.02276  0.004544         0    0.0273         0       768    0.8045    0.9017    0.9198    0.6908   0.04622   0.02402         0
      9/19     8.04G    0.0222  0.004432         0   0.02664        11       768    0.7892    0.8983    0.9206    0.6904   0.04557   0.02525         0
     10/19     8.04G   0.02153  0.004371         0   0.02591        12       768    0.7963    0.8955     0.918    0.6916   0.04561   0.02549         0
     11/19     8.04G   0.02104  0.004232         0   0.02527         9       768    0.7854    0.9008    0.9151    0.6972   0.04446   0.02708         0
     12/19     8.04G    0.0203  0.004132         0   0.02444        14       768    0.8292    0.8741    0.9256    0.7079   0.04402    0.0274         0
     13/19     8.04G   0.01983  0.004045         0   0.02388         5       768    0.7892    0.9055    0.9054     0.691   0.04336   0.02924         0
     14/19     8.04G   0.01941  0.003963         0   0.02337         9       768    0.8222    0.8871    0.9216    0.7043   0.04276   0.02982         0
     15/19     8.04G   0.01891  0.003901         0   0.02281         9       768    0.8201    0.8896    0.9133     0.696   0.04303   0.03032         0
     16/19     8.04G   0.01845  0.003853         0   0.02231         8       768    0.8185    0.8893    0.9115    0.6955   0.04271   0.03079         0
     17/19     8.04G   0.01815  0.003787         0   0.02193         6       768    0.8228     0.882    0.9085    0.6932    0.0425   0.03146         0
     18/19     8.04G   0.01789  0.003754         0   0.02165         2       768     0.823    0.8799    0.9032    0.6889   0.04234   0.03185         0
     19/19     8.04G   0.01767  0.003712         0   0.02138         4       768    0.8198    0.8901    0.9047    0.6906   0.04215   0.03254         0
