      0/29     4.64G   0.06811   0.08953         0    0.1576         1       736    0.2266    0.2528    0.1578   0.04938   0.07149   0.01508         0
      1/29     4.93G    0.0455  0.006775         0   0.05228         6       736    0.6421     0.576    0.6136    0.3501   0.05428   0.01442         0
      2/29     4.93G   0.03588  0.005958         0   0.04184         3       736    0.7186    0.7735     0.797    0.4886   0.04689     0.013         0
      3/29     4.93G   0.03079  0.005499         0   0.03629        20       736    0.8392    0.7376    0.8604    0.5783   0.03945   0.01357         0
      4/29     4.93G   0.02742  0.005068         0   0.03249         7       736    0.8322    0.8165     0.889    0.6198   0.03756   0.01338         0
      5/29     4.93G   0.02554  0.004777         0   0.03032         3       736    0.8612    0.7541    0.8931    0.6427   0.03576   0.01415         0
      6/29     4.93G   0.02415  0.004614         0   0.02876        11       736    0.8626    0.8151    0.9139    0.6542   0.03444   0.01417         0
      7/29     4.93G    0.0232  0.004478         0   0.02768         2       736    0.8294    0.8496    0.9114    0.6653   0.03333   0.01492         0
      8/29     4.93G   0.02256  0.004375         0   0.02694         0       736      0.87    0.7927    0.9117    0.6753    0.0314   0.01544         0
      9/29     4.93G   0.02172   0.00425         0   0.02597        11       736    0.8845    0.8197    0.9228    0.6884   0.03051   0.01587         0
     10/29     4.93G   0.02119  0.004215         0   0.02541        12       736     0.849    0.8438    0.9203    0.6892   0.03026   0.01633         0
     11/29     4.93G   0.02077  0.004101         0   0.02487         8       736    0.8888    0.8033    0.9193    0.6788    0.0296   0.01652         0
     12/29     4.93G   0.02023  0.004047         0   0.02427        14       736    0.8281    0.8592    0.9243    0.6914   0.02884    0.0163         0
     13/29     4.93G   0.01987  0.004009         0   0.02388         5       736     0.803    0.8834    0.9202    0.6958   0.02811   0.01696         0
     14/29     4.93G   0.01946   0.00393         0   0.02339         9       736     0.843    0.8604    0.9278    0.7043   0.02772   0.01718         0
     15/29     4.93G   0.01894  0.003867         0    0.0228         9       736    0.8346    0.8702    0.9288    0.7009    0.0279   0.01726         0
     16/29     4.93G   0.01858  0.003835         0   0.02241         8       736    0.8302    0.8609    0.9205    0.6978   0.02747    0.0176         0
     17/29     4.93G   0.01828  0.003784         0   0.02206         6       736    0.8437    0.8565     0.923    0.7007   0.02721   0.01748         0
     18/29     4.93G   0.01797  0.003722         0   0.02169         2       736    0.8335    0.8597    0.9264    0.7051   0.02686   0.01778         0
     19/29     4.93G   0.01769  0.003686         0   0.02138         4       736    0.8226    0.8515     0.919    0.6939   0.02711   0.01803         0
     20/29     4.93G   0.01734  0.003629         0   0.02097         8       736    0.8071    0.8837    0.9195    0.6976   0.02663   0.01802         0
     21/29     4.93G     0.017   0.00361         0   0.02061        12       736    0.8071    0.8888    0.9234    0.7025   0.02613   0.01836         0
     22/29     4.93G   0.01672  0.003575         0   0.02029         5       736    0.8335    0.8615    0.9246    0.7046   0.02612   0.01847         0
     23/29     4.93G   0.01659  0.003511         0    0.0201         7       736    0.8472    0.8472    0.9248    0.7048   0.02596   0.01847         0
     24/29     4.93G   0.01634  0.003431         0   0.01977         2       736    0.8217    0.8751    0.9241     0.704   0.02588   0.01852         0
     25/29     4.93G   0.01614  0.003403         0   0.01954         2       736    0.8342    0.8736    0.9245    0.7025   0.02586   0.01863         0
     26/29     4.93G   0.01591  0.003415         0   0.01932         8       736    0.8408     0.873    0.9244    0.7016    0.0257   0.01883         0
     27/29     4.93G   0.01575   0.00341         0   0.01916         5       736    0.8248    0.8809    0.9239    0.7018   0.02562   0.01897         0
     28/29     4.93G   0.01566  0.003318         0   0.01897         4       736    0.8226    0.8813    0.9243    0.7017   0.02551   0.01903         0
     29/29     4.93G   0.01559  0.003332         0   0.01893         3       736    0.8277    0.8725    0.9223    0.7018   0.02546   0.01919         0
