      0/29     8.06G   0.06809   0.09297         0    0.1611         1       768     0.242    0.2161    0.1453   0.04512   0.07179   0.01641         0
      1/29     8.04G   0.04466  0.006854         0   0.05151         6       768    0.6382    0.6841    0.6772       0.4   0.05292   0.01501         0
      2/29     8.04G   0.03483  0.005966         0   0.04079         3       768    0.7844    0.7522    0.8332    0.5411   0.04549   0.01398         0
      3/29     8.04G   0.03026  0.005446         0    0.0357        20       768      0.82    0.7749    0.8721     0.601   0.04023    0.0146         0
      4/29     8.04G    0.0269  0.005066         0   0.03196         7       768    0.8624    0.8173    0.9055     0.649   0.03615   0.01417         0
      5/29     8.04G   0.02514    0.0048         0   0.02994         3       768    0.8053    0.8647    0.9011    0.6546   0.03473   0.01474         0
      6/29     8.04G   0.02381  0.004622         0   0.02844        11       768    0.8505     0.839    0.9105    0.6763   0.03275   0.01545         0
      7/29     8.04G   0.02284  0.004474         0   0.02732         2       768    0.8239    0.8462     0.913    0.6833   0.03234   0.01559         0
      8/29     8.04G   0.02205   0.00434         0   0.02639         0       768    0.8033    0.8542    0.9095    0.6773   0.03155   0.01612         0
      9/29     8.04G   0.02153  0.004262         0   0.02579        11       768    0.7946    0.8886    0.9169    0.6858    0.0306   0.01643         0
     10/29     8.04G   0.02089  0.004208         0    0.0251        12       768     0.857    0.8538    0.9256       0.7    0.0297    0.0166         0
     11/29     8.04G   0.02055  0.004116         0   0.02466         9       768    0.8466    0.8543    0.9234    0.6985   0.02949   0.01674         0
     12/29     8.04G   0.02001  0.004053         0   0.02407        14       768    0.8744     0.867    0.9326    0.7088   0.02845   0.01684         0
     13/29     8.04G   0.01961  0.003968         0   0.02358         5       768    0.8225    0.8681    0.9237     0.706   0.02843   0.01746         0
     14/29     8.04G    0.0191  0.003888         0   0.02299         9       768    0.8369    0.8792    0.9289     0.708   0.02827   0.01755         0
     15/29     8.04G    0.0187  0.003847         0   0.02255         9       768    0.8358    0.8816    0.9296     0.709   0.02778   0.01768         0
     16/29     8.04G   0.01834   0.00381         0   0.02215         8       768    0.8587    0.8725    0.9321    0.7109   0.02742     0.018         0
     17/29     8.04G    0.0182  0.003772         0   0.02197         6       768    0.8512    0.8593    0.9324    0.7137   0.02699   0.01828         0
     18/29     8.04G   0.01775  0.003692         0   0.02144         2       768    0.8452    0.8793    0.9354    0.7181    0.0269   0.01849         0
     19/29     8.04G   0.01743  0.003659         0   0.02109         4       768    0.8351    0.8823    0.9332    0.7164   0.02673   0.01855         0
     20/29     8.04G   0.01718  0.003606         0   0.02078         8       768    0.8669    0.8461    0.9331     0.716   0.02642    0.0188         0
     21/29     8.04G    0.0169   0.00358         0   0.02048        12       768    0.8192    0.8839    0.9267    0.7128   0.02626   0.01914         0
     22/29     8.04G   0.01659  0.003549         0   0.02013         5       768    0.8296    0.8839     0.931     0.715   0.02596   0.01937         0
     23/29     8.04G   0.01643  0.003504         0   0.01994         7       768    0.8334    0.8813    0.9313    0.7161   0.02577   0.01947         0
     24/29     8.04G   0.01624  0.003414         0   0.01966         2       768    0.8269    0.8851    0.9225    0.7082   0.02574   0.01961         0
     25/29     8.04G   0.01601  0.003375         0   0.01938         2       768    0.8333    0.8776    0.9219    0.7059   0.02574   0.01976         0
     26/29     8.04G   0.01576  0.003396         0   0.01916         8       768    0.8178    0.8943    0.9237    0.7085   0.02566   0.01983         0
     27/29     8.04G   0.01557   0.00339         0   0.01896         5       768    0.8167    0.8927    0.9214    0.7043   0.02556    0.0199         0
     28/29     8.04G   0.01553  0.003289         0   0.01882         4       768    0.8177    0.8941    0.9154    0.6996   0.02544   0.01999         0
     29/29     8.04G   0.01546  0.003314         0   0.01877         3       768    0.8142    0.8979    0.9181    0.7023   0.02537   0.02009         0
